3,325333E-1	1,422114E0
6,658000E-1	1,190607E0
9,990667E-1	9,797756E-1
1,332333E0	8,288560E-1
1,665533E0	6,275328E-1
1,998800E0	4,195340E-1
2,332067E0	2,512181E-1
2,665333E0	7,826443E-2
2,998600E0	-6,997856E-2
3,331867E0	-2,008688E-1
3,665133E0	-3,439055E-1
3,998333E0	-5,027022E-1
4,331600E0	-7,191506E-1
4,664867E0	-9,879287E-1
4,998133E0	-1,274572E0
5,331400E0	-1,573913E0
5,664600E0	-1,872548E0
5,997867E0	-2,160300E0
6,331133E0	-2,439916E0
6,664400E0	-2,728759E0
6,997667E0	-2,996392E0
7,330933E0	-3,139648E0
7,664133E0	-3,244942E0
7,997400E0	-3,269892E0
8,330667E0	-3,098694E0
8,663933E0	-2,692812E0